-1505.0
-1522.5
-1045.0
-2075.0
-2657.5
-2325.0
-1530.0
-1597.5
-1320.0
-2305.0
-2280.0
-1812.5
-1632.5
-1167.5
-1732.5
-902.5
-575.0
-1740.0
-922.5
-1407.5
-1667.5
-1605.0
-2317.5
-2460.0
-782.5
-2555.0
-1847.5
-2500
-1420.0
-1070.0
-1522.5
-450.0
-1560.0
-930.0
-972.5
-997.5
-1762.5
-1640.0
-1785.0
-965.0
-1702.5
-1775.0
-1567.5
-1060.0
-1037.5
-1495.0
-1750.0
-2265.0
-375.0
-2555.0
-772.5
-890.0
-1700
-1947.5
-1415.0
-1532.5
-2347.5
-2410.0
-2350.0
-460.0
-1655.0
-925.0
-875.0
-1670.0
-1360.0
-865.0
-1505.0
-1517.5
-1930.0
-945.0
-977.5
-2692.5
-867.5
-1637.5
-1732.5
-1542.5
-1012.5
-935.0
-1537.5
-1660.0
-1557.5
-1617.5
-405.0
-2570.0
-397.5
-1000.0
-1795.0
-1612.5
-1410.0
-2247.5
-1400.0
-1707.5
-1717.5
-1875.0
-1525.0
-1012.5
-2462.5
-1507.5
-1437.5
-1062.5
-1800.0
67.5
-2782.0
-3094.0
-1562.5
-830.0
-3506.5
-3668.5
-2647.0
-3017.0
-2878.5
-1971.5
-2008.5
-3031.5
-1984.0
-1917.5
-2921.5
-347.0
-401.0
-389.0
-1277.5
-280.0
-1314.0
-256.0
-387.0
-1582.25
-1590.0
-1584.25
-1568.5
-1592.25
-3188.5
-3206.25
-1594.0
-3197.5
-1352.25
-1385.75
-1569.0
-1597.0
-1170.5
-1185.25
-1557.75
-1548.5
-1387.25
-1368.25
-1584.25
-1615.0
-1377.25
-1389.5
-1383.0
-1611.25
-1560.5
-1371.5
-3192.5
-1591.5
-1376.25
-1598.25
-1598.0
-1612.75
-1186.5
-1403.5
-1392.5
-1600.75
-1383.25
-3197.25
-1406.25
-1597.75
-1384.25
-1610.5
-1374.5
-1381.25
-1602.0
-1610.75
-1584.25
-3208.0
-1568.75
-1366.5
-3197.75
-1608.25
-1601.5
-1397.75
-1580.0
-1633.25
-1637.5
-1626.0
-1659.0
-1633.75
-1661.5
-1618.5
-3192.75
-3224.0
-1591.25
-1621.75
-1626.0
-3037.0
-1617.75
-3230.0
-3200.25
-1609.75
-1619.0
-1643.75
-1619.75
-1655.75
-1636.5
-1645.0
-1582.5
-1632.5
-1659.75
-1646.25
-1630.75
-1644.0
-1650.25
-3238.75
-1365.75
-1148.0
-1602.25
-3203.25
-1333.25
-1600.25
-1374.0
-1581.75
-1588.25
-1615.0
-2979.5
-1610.0
-1353.5
-1409.5
-1371.25
-1393.25
-2975.0
-1585.25
-2967.0
-1592.0
-1621.0
-1582.75
-1370.0
-2973.75
-1614.0
-1620.75
-1392.0
-1391.25
-1600.25
-1385.5
-1412.0
-1586.75
-3187.25
-3031.75
-1591.75
-3194.5
-1576.5
-1591.25
-1601.0
-1596.5
-1367.5
-1360.5
-1605.25
-1599.0
-1383.0
-1606.0
-1623.5
-1617.5
-1594.25
-3010.5
-3211.5
-1627.25
-1599.0
-1608.25
_____________________________________________________________
-1581.5
-3198.5
-1575.5
-1557.75
-1580.0
-1600.5
-1565.25
-3197.0
-2960.5
-1595.25
-1361.0
-1578.25
-1589.25
-1371.75
-1561.75
-1593.0
-1572.75
-1565.75
-1584.75
-1624.75
-1600.25
-1604.25
-1377.5
-1638.5
-1575.75
-1391.75
-1583.0
-1562.75
-1588.25
-1580.5
-1575.25
-3224.0
-1581.0
-1378.5
-1539.25
-1595.0
-1578.5
-1575.5
-1556.5
-1570.25
-1585.75
-1355.0
-1592.0
-1617.25
-1590.0
-1598.25
-1593.25
-1567.75
-1591.25
-1571.25
-1608.0
-1612.0
-1625.0
-1600.0
-1579.75
-1353.0
-3187.0
-1369.25
-1608.75
-1381.5
-1582.75
-1582.5
-1576.5
-1583.25
-1600.0
-1617.25
-1364.75
-1589.5
-1373.5
-1372.0
-3188.75
-1366.5
-1346.25
-1390.5
-1615.25
-1605.0
-1392.25
-1588.5
-1571.5
-1582.25
-1176.5
-1567.75
-1578.75
-1620.5
-1571.5
-1356.0
-1574.5
-1584.0
-3160.5
-1556.0
-1406.25
-1593.0
-1366.25
-1622.0
-1594.25
-1609.25
-1605.25
-1603.25
-1631.0
-1405.5
-2966.75
-1565.0
-1613.5
-1150.25
-1599.5
-1588.25
-1581.75
-1609.75
-3202.75
-1625.5
-1600.5
-1553.0
-1364.25
-1591.75
-1639.5
