-1861.75
-1875.0
-3383.75
-1867.0
-3283.75
-1689.25
-1833.5
-1875.75
-3719.0
-3844.75
-3822.0
-3691.5
-3888.25
-3658.0
-3883.25
-3877.75
-3846.75
-3834.5
-3863.75
-3834.25
-3666.5
-3674.75
-3859.75
-3919.25
-3900.0
-3675.0
-3817.75
-3897.0
-3868.0
-3833.5
-3876.5
-3902.75
-3858.0
-3909.75
-3896.25
-3860.75
-3872.75
-3861.25
-3696.75
-3846.0
-3854.0
-3822.0
-3840.5
-3659.25
-3700.25
-3921.0
-3869.25
-3844.75
-3849.25
-3859.5
-3907.75
-3882.75
-3853.0
-3888.5
-3845.0
-3629.5
-3852.5
-3894.5
-3850.75
-3880.75
-3847.5
-3810.0
-3692.25
-3691.75
-3698.5
-3862.75
-3908.5
-3678.75
-3869.5
-3857.25
-3727.25
-3932.25
-3872.25
-3718.25
-3891.5
-3850.75
-3888.75
-3820.5
-3845.0
-3855.0
-3696.0
-3647.0
-3869.25
-3651.25
-3695.75
-3699.25
-3887.25
-3843.0
-3934.0
-3835.5
-3844.0
-3887.25
-3895.25
-3690.75
-3886.0
-3841.25
-3857.75
-3689.0
-3904.75
-3655.0
-3867.5
-3885.75
-3877.0
-3850.75
-3841.75
-3860.75
-3721.75
-3915.25
-3873.0
-3833.0
-3877.75
-3870.5
-3836.5
-3874.0
-3690.25
-3899.5
-3840.0
-3817.5
-3824.75
-3876.25
-3836.5
-3836.5
-3857.0
-3856.5
-3692.0
-3837.25
-3652.5
-3696.0
-3848.0
-3858.25
-3872.0
-3879.75
-3849.5
-3863.5
-3848.5
-3808.75
-3859.25
-3862.75
-3848.25
-3831.5
-3873.75
-3894.0
-3860.5
-3855.5
-3807.0
-3846.0
-3897.25
-3884.75
-3859.0
-3890.5
-3863.25
-3857.25
-3826.25
-3863.5
-3840.5
-3928.75
-3893.5
-3835.0
-3858.0
-3878.75
-3876.5
-3881.75
-3853.75
-3901.75
-3905.25
-3908.25
-3870.25
-3877.0
-3868.0
-3873.5
-3839.0
-3717.5
-3849.75
-3837
-3855.25
-3883.25
-3900.75
-3851.5
-3876.5
-3892.0
-3767.5
-3930.5
-3860.5
-3894.25
-3862.5
-3860.0
-3881.75
-3865.5
-3740.0
-3831.0
-3691.25
-3666.25
-3635.5
-3800.5
-3870.5
-3687.0
-3844.5
-3666.25
-3863.25
-3878.5
-3893.5
-3794.5
-3888.75
-3860.0
-3860.75
-3820.25
-3827.5
-3869.25
-3874.75
-3653.75
-3675.25
-3687.25
-3849.5
-3829.0
-3812.5
-3866.0
-3871.5
-3857.25
-3665.75
-3839.5
-3852.0
-3840.75
-3647.0
-3852.25
-3803.0
-3822.5
-3653.25
-3679.75
-3817.5
-3644.25
-3668.75
-3854.75
-3891.0
-3845.25
-3840.5
-3883.75
-3835.25
-3624.5
-3892.0
-3697.0
-3894.0
-3868.0
-3863.0
-3828.0
-3860.25
-3889.0
-3842.0
-3826.5
-3862.0
-3855.75
-3688.5
-3892.5
-3873.0
-3881.75
-3887.0
-3656.5
-3886.5
-3713.25
-3861.75
-3916.75
-3873.5
-3702.75
-3685.25
-3885.75
-3865.5
-3874.75
-3861.5
-3915.25
-3874.25
-3826.75
-3685.75
-3825.75
-3876.25
-3692.75
-3883.25
-3900.0
-3837.5
-3843.25
-3872.5
-3855.0
-3896.25
-3832.0
-3835.5
-3847.5
-3683.0
-3850.5
-3886.0
-3640.5
-3828.5
-3862.25
-3828.5
-3871.5
-3844.0
-3831.5
-3889.5
-3851.5
-3850.5
-3899.75
-3668.5
-3901.75
-3853.0
-3832.0
-3666.25
-3641.75
-3878.25
-3828.75
-3851.5
-3894.5
-3831.75
-3846.5
-3700.25
-3649.0
-3856.5
-3897.5
-3888.0
-3832.25
-3842.5
-3884.0
-3716.0
-3637.25
-3883.25
-3830.5
-3678.0
-3850.75
-3858.0
-3821.75
-3865.25
-3837.5
-3896.75
-3636.0
-3745.0
-3867.75
-3852.5
-3910.0
-3868.0
-3694.75
-3905.0
-3862.0
-3862.0
-3830.0
-3673.25
-3566.75
-3628.5
-3879.5
-3887.5
-3775.75
-3837.5
-3818.0
-3845.0
-3848.5
-3711.0
-3878.25
-3726.0
-3833.5
-3843.0
-3755.25
-3683.75
-3854.75
-3680.5
-3719.0
-3902.75
-3880.25
-3826.75
-3647.75
-3868.75
-3918.5
-3895.25
-3844.0
-3688.75
-3905.75
-3871.5
-3908.5
-3823.0
-3892.5
-3853.25
-3867.5
-3713.5
-3762.25
-3768.0
-3844.75
-3844.0
-3678.75
-3842.25
-3681.25
-3880.5
-3845.75
-3913.25
-3748.0
-3862.25
-3836.5
-3674.25
-3875.5
-3890.0
-3876.75
-3632.75
-3705.25
-3511.25
-3702.25
-3703.75
-3738.0
-3871.25
-3864.5
-3742.0
-3700.25
-3825.5
-3877.75
-3682.5
-3846.0
-3873.75
-3872.25
-3470.75
-3845.75
-3867.0
-3774.0
-3670.25
-3629.25
-3649.25
-3897.75
-3859.5
-3890.5
-3857.75
-3732.75
-3674.0
-3648.75
-3860.75
-3687.0
-3913.75
-3641.5
-3876.0
-3832.25
-3813.0
-3892.25
-3735.25
-3844.5
-3726.5
-3699.5
-3842.25
-3707.5
-3891.0
-3737.25
-3625.75
-3843.0
-3721.25
-3729.0
-3893.5
-3886.5
-3876.25
-3685.0
-3856.75
-3883.25
-3865.25
-3869.5
-3840.0
-3853.25
-3641.5
-3657.75
-3707.0
-3702.75
-3695.0
-3796.75
-3829.0
-3840.5
-3713.0
-3851.0
-3864.25
-3863.5
-3688.0
-3904.75
-3842.5
-3673.5
-3864.0
-3682.25
-3846.5
-3870.0
-3878.75
-3877.75
-3457.0
-3851.5
-3917.5
-3856.75
-3533.5
-3845.5
-3827.75
-3928.75
-3880.25
-3853.25
-3750.75
-3693.25
-3748.5
-3677.75
-3886.0
-3704.5
-3862.5
-3885.0
-3895.25
-3757.5
-3858.75
-3747.75
-3680.25
-3845.0
-3864.0
-3837.25
-3701.0
-3849.75
-3848.5
-3830.0
-3607.25
-3853.0
-3903.75
-3869.25
-3873.25
-3902.5
-3850.5
-3673.75
-3643.75
-3672.25
-3841.25
-3620.25
-3625.0
-3864.0
-3846.0
-3871.75
-3661.0
-3881.5
-3903.25
-3855.75
-3747.75
-3889.75
-3735.5
-3864.0
-3838.5
-3689.75
-3754.75
-3907.25
-3643.75
-3830.25
-3581.0
-3858.75
-3871.25
-3836.0
-3832.0
-3677.0
-3852.0
-3887.5
-3700.25
-3707.25
-3672.75
-3882.0
-3882.25
-3701.25
-3681.0
-3744.0
-3669.25
-3654.25
-3859.5
-3667.75
-3860.25
-3830.0
-3752.0
-3687.0
-3675.0
-3601.0
-3862.25
-3794.75
-3837.0
-3641.5
-3907.5
-3725.0
-3881.25
-3865.0
-3647.0
-3526.0
-3863.75
-3671.0
-3726.0
-3638.0
-3702.0
-3666.0
-3861.5
-3725.75
-3892.75
-3894.0
-3727.5
-3872.0
-3855.75
-3675.75
-3709.0
-3831.5
-3805.0
-3723.25
-3667.0
-3673.25
-3709.5
-3654.25
-3924.25
-3835.75
-3493.0
-3873.0
-3694.25
-3712.0
-3841.0
-3637.5
-3819.0
-3923.0
-3698.5
-3718.5
-3880.25
-3882.75
-3680.75
-3354.75
-3866.0
-3912.0
-3651.25
-3626.75
-3834.0
-3886.25
-3875.5
-3734.25
-3726.5
-3888.75
-3847.5
-3696.75
-3667.5
-3716.0
-3834.25
-3823.75
-3694.0
-3675.5
-3745.0
-3898.75
-3641.75
-3872.0
-3774.0
-3916.5
-3719.5
-3716.0
-3846.5
-3874.25
-3562.0
-3762.5
-3704.5
-3850.0
-3656.75
-3822.0
-3969.5
-3716.5
-3846.75
-3821.25
-3551.75
-3832.5
-3627.25
-3872.0
-3867.5
-3923.5
-3849.5
-3886.5
-3864.25
-3881.0
-3905.0
-3725.0
-3669.75
-3859.0
-3685.5
-3697.75
-3697.0
-3715.5
-3714.0
-3836.0
-3853.25
-3832.5
-3422.5
-3881.5
-3867.5
-3703.25
-3865.75
-3843.0
-3839.75
-3845.75
-3637.0
-3719.0
-3848.5
-3885.0
-3687.0
-3720.0
-3933.75
-3655.0
-3788.25
-3556.5
-3747.0
-3868.25
-3848.5
-3841.5
-3855.5
-3723.5
-3888.0
-3875.5
-3874.0
-3730.0
-3852.25
-3853.5
-3667.5
-3889.0
-3694.25
-3837.75
-3709.25
-3857.75
-3537.75
-3831.75
-3858.0
-3682.25
-3855.75
-3744.0
-3849.25
-3846.0
-3960.5
-3895.5
-3833.5
-3846.25
-3802.25
-3866.5
-3810.25
-3763.25
-3866.0
-3670.5
-3856.25
-3823.25
-3848.75
-3857.75
-3700.0
-3862.75
-3882.5
-3689.0
-3643.25
-3817.5
-3827.0
-3688.0
-3888.5
-3889.25
-3655.75
-3663.0
-3661.25
-3444.5
-3726.0
-3720.25
-3863.75
-3644.0
-3884.0
-3877.25
-3869.0
-3944.0
-3920.0
-3889.0
-3830.0
-3786.5
-3885.25
-3634.75
-3883.25
-3688.25
-3887.5
-3891.25
-3772.0
-3825.25
-3670.0
-3754.25
-3604.5
-3854.25
-3912.25
-3873.25
-3853.75
-3654.0
-3738.75
-3885.0
-3875.75
-3667.5
-3688.0
-3677.5
-3683.0
-3896.0
-3850.5
-3956.25
-3845.5
-3870.75
-3919.0
-3884.25
-3727.25
-3662.5
-3750.75
-3890.75
-3672.0
-3838.5
-3533.5
-3870.0
-3749.25
-3485.0
-3636.5
-3845.25
-3619.75
-3846.5
-3568.75
-3669.5
-3681.5
-3682.0
-3683.0
-3839.75
-3821.5
-3677.75
-3683.5
-3700.25
-3838.75
-3680.75
-3858.0
-3901.75
-3625.5
-3684.0
-3571.75
-3665.25
-3860.0
-3721.5
-3724.75
-3619.0
-3720.25
-3711.75
-3896.25
-3620.75
-3714.75
-3839.75
-3759.25
-3697.5
-3675.5
-3730.5
-3714.25
-3611.0
-3866.75
-3573.25
-3837.25
-3846.25
-3786.75
-3904.75
-3668.25
-3583.75
-3659.5
-3521.75
-3555.5
-3827.5
-3862.0
-3707.75
-3637.75
-3838.75
-3856.5
-3751.25
-3850
-3830.5
-3668.5
-3751.25
-3854.25
-3721.5
-3864.5
-3908.0
-3828.75
-3870.25
-3913.25
-3513.75
-3872.0
-3679.75
-3662.5
-3718.0
-3820.25
-3692.75
-3847.75
-3878.5
-3702.75
-3889.75
-3862.0
-3351.75
-3670.25
-3874.0
-3827.75
-3857.75
-3750.25
-3645.0
-3722.25
-3685.25
-3859.5
-3700.25
-3751.25
-3854.5
-3678.75
-3839.25
-3856.75
-3685.0
-3916.0
-3911.75
-3691.5
-3694.5
-3534.75
-3850.75
-3665.25
-3868.5
-3893.75
-3559.75
-3671.0
-3674.25
-3965.5
-3479.25
-3862.0
-3650.5
-3621.75
-3890.5
-3736.5
-3536.0
-3646.0
-3722.25
-3679.0
-3709.5
-3645.0
-3716.25
-3838.0
-3615.0
-3858.25
-3845.75
-3670.5
-3723.0
-3634.75
-3869.25
-3858.5
-3872.0
-3724.75
-3826.5
-3910.0
-3847.5
-3711.25
-3874.25
-3645.25
-3662.75
-3888.0
-3894.0
-3710.0
-3833.75
-3887.5
-3717.25
-3872.75
-3899.5
-3844.75
-3817.5
-3677.5
-3659.0
-3643.5
-3877.25
-3717.75
-3901.5
-3528.5
-3640.75
-3717.25
-3704.5
-3876.25
-3866.5
-3693.5
-3732.25
-3853.25
-3719.0
-3657.75
-3888.5
-3667.75
-3852.25
-3635.0
-3890.0
-3866.5
-3886.5
-3755.75
-3550.5
-3659.75
-3606.0
-3512.25
-3840.25
-3902.5
-3951.75
-3900.0
-3644.25
-3856.0
-3870.5
-3706.5
-3832.25
-3676.75
-3655.5
-3829.75
-3667.0
-3800.5
-3715.25
-3640.0
-3667.0
-3879.75
-3867.25
-3852.75
-3716.5
-3876.75
-3893.75
-3836.0
-3670.5
-3845.25
-3653.5
-3851.25
-3736.0
-3643.25
-3704.75
-3712.0
-3726.0
-3876.25
-3866.0
-3833.25
-3705.25
-3671.5
-3721.25
-3855.5
-3895.75
-3489.5
-3888.5
-3876.25
-3438.75
-3647.5
-3876.25
-3913.75
-3723.75
-3526.75
-3713.25
-3855.5
-3761.25
-3745.5
-3660.0
-3663.0
-3722.0
-3724.25
-3924.0
-3702.75
-3904.25
-3702.25
-3864.25
-3834.75
-3874.75
-3872.0
-3842.75
-3718.0
-3777.0
-3877.75
-3653.75
-3913.75
-3851.75
-3919.0
-3918.5
-3719.25
-3856.5
-3852.25
-3870.5
-3717.5
-3390.5
-3878.25
-3843.75
-3706.25
-3637.5
-3846.25
-3708.0
-3840.25
-3851.75
-3671.75
-3773.75
-3668.75
-3667.5
-3703.0
-3686.25
-3732.75
-3881.5
-3834.5
-3621.0
-3662.0
-3880.5
-3692.5
-3630.0
-3727.25
-3918.5
-3628.5
-3646.0
-3564.0
-3728.25
-3843.0
-3856.25
-3732.25
-3643.25
-3715.0
-3910.0
-3864.5
-3784.0
-3900.5
-3851.0
-3838.75
-3887.75
-3831.5
-3871.0
-3859.75
-3695.75
-3768.0
-3690.25
-3859.0
-3554.25
-3710.75
-3761.5
-3848.0
-3851.0
-3668.5
-3648.0
-3290.5
-3930.0
-3833.25
-3738.5
-3868.75
-3532.5
-3857.75
-3497.25
-3889.0
-3627.0
-3665.75
-3901.25
-3521.25
-3840.75
-3506.75
-3870.75
-3682.75
-3670.75
-3701.0
-3667.5
-3703.75
-3885.75
-3577.0
-3710.0
-3854.75
-3846.25
-3832.5
-3919.25
-3664.5
-3727.75
-3710.75
-3865.75
-3903.75
-3689.75
-3847.75
-3646.75
-3593.75
-3658.25
-3915.25
-3775.5
-3835.75
-3693.0
-3652.0
-3890.75
-3861.25
-3852.75
-3755.5
-3876.25
-3863.0
-3732.5
-3511.75
-3757.0
-3867.75
-3680.0
-3924.75
-3456.75
-3693.0
-3864.0
-3839.25
-3671.0
-3671.5
-3656.75
-3768.5
-3495.75
-3811.25
-3862.25
-3684.0
-3629.25
-3523.75
-3545.75
-3658.25
-3753.0
-3637.0
-3674.5
-3565.75
-3907.5
-3723.5
-3875.75
-3919.0
-3638.25
-3500.75
-3862.0
-3776.5
-3705.75
-3622.0
-3701.25
-3690.25
-3727.75
-3858.0
-3884.75
-3589.5
-3907.5
-3823.5
-3651.25
-3609.5
-3722.25
-3842.5
-3883.5
-3589.25
-3806.0
-3678.5
-3703.75
-3832.0
-3893.0
-3880.75
-3694.5
-3855.0
-3722.5
-3691.5
-3873.5
-3382.75
-3672.75
-3650.25
-3853.5
-3869.5
-3838.25
-3857.25
-3522.5
-3719.25
-3633.75
-3860.0
-3691.75
-3855.0
-3712.25
-3852.75
-3679.0
-3752.0
-3738.25
-3675.0
-3710.25
-3952.25
-3871.75
-3653.75
-3746.75
-3873.25
-3753.75
-3561.0
-3796.75
-3662.75
-3862.75
-3485.75
-3962.5
-3841.0
-3766.25
-3657.0
-3433.75
-3689.75
-3767.5
-3886.5
-3748.25
-3878.25
-3674.75
-3749.0
-3627.75
-3704.0
-3536.75
-3877.25
-3555.75
-3892.75
-3896.0
-3732.75
-3656.5
-3577.5
-3875.5
-3715.75
-3840.5
-3703.0
-3553.25
-3907.75
-3887.5
-3623.25
-3698.5
-3491.75
-3677.0
-3908.25
-3862.75
-3672.25
-3683.5
-3738.5
-3625.0
-3660.0
-3886.0
-3830.0
-3848.25
-3875.0
-3904.75
-3842.5
-3852.0
-3875.75
-3585.25
-3724.5
-3539.25
-3528.25
-3672.0
-3710.5
-3921.25
-3866.75
-3645.5
144.25
-3884.0
-3839.75
-3867.75
-3784.0
-3684.5
-3677.25
-3893.0
-3713.25
-3694.5
-3737.25
-3750.0
-3680.0
-3878.0
-3677.0
-3871.75
-3859.25
-3633.75
-3702.75
-3527.75
-3591.5
-3697.0
-3886.25
-3916.75
-3696.0
-3845.5
-3731.25
-3819.75
-3719.75
-3783.5
-3922.0
-3885.75
-3859.0
-3855.0
-3657.75
-3679.5
-3768.75
-3709.75
-3640.5
-3535.75
-3667.0
-3542.25
-3732.5
-3843.5
-3672.75
-3704.75
-3704.75
-3598.75
-3859.0
-3667.75
-3543.5
-3889.5
-3562.5
-3705.5
-3595.5
-3552.5
-3690.5
-3691.75
-3868.5
-3865.0
-3867.25
-3904.5
-3688.25
-3673.5
-3726.75
-3840.75
-3649.25
-3563.25
-3700.5
-3873.25
-3736.5
-3713.75
-3717.5
-3894.0
-3749.75
-3739.0
-3866.75
-3834.5
-3872.0
-3856.0
-3714.25
-3555.75
-3895.75
-3851.75
-3668.0
-3901.0
-3892.25
-3667.0
-3681.75
-3881.0
-3555.25
-3863.0
-3604.25
-3862.25
-3715.5
-3620.5
-3905.0
-3892.25
-3547.5
-3704.0
-3694.75
-3838.0
-3652.75
-3946.75
-3745.0
-3836.75
-3670.0
-3840.5
-3492.0
-3837.25
-3643.75
-3688.5
-3872.25
-3655.25
-3614.0
-3713.75
-3701.25
-3684.75
-3720.25
-3873.0
-3725.25
-3595.75
-3712.0
-3744.75
-3573.0
-3935.25
-3657.0
-3652.0
-3666.25
-3722.5
-3730.5
-3653.75
-3899.75
-3928.5
-3568.25
-3737.0
-3848.5
-3691.5
-3892.25
-3618.0
-3721.5
-3733.75
-3713.0
-3678.25
-3555.5
-3591.75
-3688.25
-3729.0
-3649.75
-3680.75
-3834.0
-3888.0
-3888.0
-3875.25
-3756.5
-3896.5
-3344.5
-3738.5
-3680.25
-3683.25
-3852.0
-3854.0
-3801.0
-3869.0
-3746.25
-3843.5
-3849.0
-3877.25
-3629.25
-3676.25
-3569.5
-3695.0
-3750.25
-3850.75
-3677.25
-3873.0
-3894.5
-3878.5
-3627.0
-3877.5
-3863.5
-3669.5
-3859.75
-3705.0
-3663.75
-3872.75
-3853.25
-3694.25
-3860.0
-3890.75
-3684.25
-3720.5
-3676.0
-3842.75
-3672.75
-3697.75
-3706.75
-3882.0
-3545.75
-3831.25
-3805.75
-3832.5
-3839.0
-3608.75
-3710.5
-3931.75
-3886.75
-3658.75
-3836.25
-3846.75
-3837.25
-3672.5
-3868.25
-3626.25
-3686.0
-3852.5
-3920.75
-3626.75
-3626.5
-3762.75
-3693.75
-3639.0
-3683.5
-3705.25
-3652.75
-3668.75
-3862.0
-3736.0
-3645.75
-3834.75
-3708.5
-3577.5
-3844.75
-3732.5
-3655.75
-3661.0
-3633.0
-3676.5
-3690.5
-3528.25
-3547.0
-3721.0
-3627.75
-3709.75
-3423.75
-3702.25
-3787.5
-3654.5
-3663.25
-3652.0
-3674.0
-3827.75
-3650.25
-3895.75
-3860.25
-3831.0
-3864.25
-3665.75
-3641.75
-3849.5
-3740.0
-3882.5
-3635.5
-3881.0
-3537.0
-3816.0
-3668.75
-3719.5
-3771.0
-3659.5
-3560.0
-3832.5
-3471.25
-3542.5
-3666.75
-3703.25
-3711.0
-3718.5
-3674.25
-3695.0
-3904.0
-3598.25
-3722.25
-3443.5
-3873.0
-3856.0
-3497.75
-3871.5
-3724.25
-3681.0
-3739.75
-3539.5
-3878.75
-3912.25
-3884.75
-3848.25
-3635.5
-3635.0
-3673.25
-3642.75
-3846.75
-3851.75
-3820.0
-3784.0
-3894.25
-3835.0
-3615.75
-3870.75
-3720.25
-3828.75
-3867.25
-3849.75
-3872.75
-3532.0
-3455.75
-3673.5
-3662.25
-3806.5
-3736.25
-3665.25
-3681.0
-3851.5
-3743.75
-3543.5
-3913.75
-3688.0
-3867.75
-3822.75
-3652.5
-3854.75
-3693.25
-3892.75
-3678.5
-3508.25
-3922.0
-3753.25
-3703.25
-3882.25
-3707.25
-3891.0
-3828.5
-3896.25
-3669.25
-3682.25
-3829.5
-3505.0
-3685.5
-3653.0
-3747.25
-3653.0
-3692.75
-3841.0
-3907.75
-3887.25
-3869.5
-3395.5
-3512.25
-3562.75
-3841.75
-3687.5
-3719.75
-3561.5
-3661.25
-3895.25
-3687.25
-3834.0
-3680.5
-3872.5
-3698.0
-3839.25
-3879.5
-3847.5
-3747.75
-3593.25
-3869.0
-3762.5
-3821.75
-3914.75
-3693.5
-3724.5
-3683.0
-3644.0
-3854.5
-3494.5
-3902.5
-3421.0
-3811.0
-3713.25
-3709.25
-3731.0
-3687.5
-3714.0
-3909.0
-3549.75
-3924.75
-3711.75
-3856.5
-3907.25
-3910.5
